1007
01f7
1000
01f8
1001
0089
3040
7e80
1001
0128
3040
c000
a005
7e00
4ffd
a02e
5ffb
d000
8080
1001
0135
2009
1002
0136
2012
2010
7ec0
4009
2008
7ec0
4003
7200
3010
501a
7e80
3010
7ec0
2009
3010
7e80
1002
001d
7252
4010
7e80
1002
001c
7252
400b
7e80
1002
001b
7252
4006
7e80
1002
0023
7252
4001
7200
9002
b000
8080
1002
0004
7ec0
400a
7ec0
400e
7ec0
4012
1000
0137
2001
7089
3040
5011
1000
0138
2001
7289
3040
500b
1000
0137
2001
7289
3040
5005
1000
0138
2001
7089
3040
9002
b000
1000
0139
2001
7e89
7e89
3040
1000
013a
2001
7ec9
3040
b000
1000
0131
2000
1001
0137
2009
3040
1000
0132
2000
1001
0138
2009
3040
1000
0133
2000
1001
0139
2009
3040
1000
0134
2000
1001
013a
2009
3040
b000
8000
8040
1001
0130
2009
1000
07e0
3008
7e89
1000
1ff8
3008
7e89
1000
3ffc
3008
7e89
1000
7ffe
3008
7e89
3008
7e89
1000
ffff
3008
7e89
3008
7e89
3008
7e89
3008
7e89
3008
7e89
3008
7e89
1000
7ffe
3008
7e89
3008
7e89
1000
3ffc
3008
7e89
1000
1ff8
3008
7e89
1000
07e0
3008
1000
0140
1001
0133
2009
3008
1000
00f0
1001
0134
2009
3008
1000
01f8
1001
00d4
3040
9001
9000
c000
e000
8000
8040
1000
012f
2000
1001
0080
3040
7e80
1001
01c0
3040
7e80
3040
7e80
3040
7e80
3040
7e80
1001
03e0
3040
7e80
1001
07f0
3040
7e80
1001
0ff8
3040
7e80
1001
3ffe
3040
7e80
1001
01c0
3040
7e80
3040
7e80
3040
7e80
3040
7e80
1001
03e0
3040
7e80
1001
07f0
3040
7e80
1001
01c0
3040
1000
0140
1001
0131
2009
3008
1000
00f0
1001
0132
2009
3008
1000
01f8
1001
0121
3040
9001
9000
c000
e000
8000
8040
af48
9001
9000
c000
e000
8000
8040
af35
9001
9000
c000
e000
0200
0210
0220
0221
0222
0223
0224
0225
0140
00f0
0140
00f0
